40
2 2 2 2 2 2 2 3 3 3 3 3 3 3 3 3 3 3 3 3 3 3 3 1 1 1 1 1 1 1 1 1 1 1 1 1 1 1 1 1 
3 1 3 3 1 2 3 4 2 2 2 4 4 4 2 2 3 2 3 2 4 4 2 1 1 1 1 1 1 1 1 1 1 1 1 1 1 1 1 1
0 34.741 100.905 54.328 65.27 42.933 47.489 82.061 96.461 43.461 17.614 65.882 75.188 89.878 54.654 91.097 78.904 564.309 70.693 5.401 38.745 97.133 45.106 35.409 52.64 13.788 725.036 43.001 92.572 73.932 54.228 77.727 85.213 93.508 616.401 63.06 63.909 91.197 662.913 50.693
34.741 0 100.513 67.136 73.539 458.293 41.611 79.403 108.272 135.263 38.126 54.567 74.371 80.252 73.952 96.906 82.19 74.325 765.141 32.227 19.822 94.173 78.522 172.72 64.906 326.754 79.662 70.453 989.987 67.581 43.258 48.491 68.989 88.696 44.602 609.262 70.115 97.439 74.114 46.358
100.905 100.513 0 51.213 90.005 1220.865 120.906 21.501 66.379 95.489 83.553 75.04 74.518 73.234 60.539 28.422 49.243 86.769 31.917 96.466 98.608 36.479 103.456 94.175 62.239 105.074 62.454 92.637 37.253 37.841 68.434 121.127 50.153 56.516 732.361 39.893 63.502 64.026 87.631 108.696
54.328 67.136 51.213 0 57.356 84.245 86.437 38.481 63.182 67.67 37.337 62.601 638.034 75.793 15.939 43.281 39.247 45.735 207.968 50.929 67.552 54.033 53.4 60.118 21.657 61.282 400.481 43.411 483.326 38.508 45.703 99.954 60.008 66.938 56.122 27.225 444.568 62.775 56.095 72.961
65.27 73.539 900.054 57.356 0 106.663 108.248 79.543 120.393 81.595 60.2 102.914 114.064 122.379 66.811 96.083 42.574 22.033 71.682 65.41 87.672 65.103 69.489 57.118 357.423 78.145 292.561 44.258 103.315 62.453 46.674 82.671 76.699 117.742 528.978 67.007 97.615 119.455 27.909 40.543
42.933 458.293 122.087 84.245 106.663 0 11.333 101.86 102.364 46.474 51.152 59.766 678.368 81.48 82.415 107.802 1136.976 98.856 94.17 42.071 33.506 126.737 76.911 601.732 900.609 292.383 110.707 83.69 1058.231 98.769 82.761 90.363 103.819 93.025 86.993 84.998 681.714 92.39 107.491 84.299
47.489 41.611 120.906 864.368 108.248 113.328 0 100.16 104.98 40.041 54.378 549.37 66.404 77.004 86.416 108.302 1137.963 102.408 94.677 45.881 27.608 125.197 85.043 57.648 92.105 34.12 111.779 89.36 106.528 96.474 80.23 83.848 99.059 90.268 83.189 83.612 690.475 93.243 108.954 83.792
82.061 79.403 21.501 38.481 79.543 1018.601 100.16 0 63.798 74.034 65.102 55.882 59.61 59.254 49.964 29.626 442.514 76.588 20.204 77.341 77.235 38.139 91.379 74.169 50.354 853.818 55.743 80.606 36.971 22.228 50.598 102.483 36.126 46.582 55.718 19.476 48.668 57.302 77.498 91.85
964.613 108.272 66.379 63.182 120.393 1023.641 104.98 63.798 0 1029.29 81.932 69.56 47.991 62.448 55.703 38.247 94.386 106.188 54.524 92.545 96.755 96.416 890.15 1100.418 84.684 95.182 100.023 956.973 29.199 82.492 1001.822 148.391 96.71 47.841 108.189 67.395 390.511 19.357 119.12 131.615
43.461 13.526 95.489 67.67 81.595 46.474 40.041 74.034 102.929 0 42.988 43.421 65.381 68.681 74.955 91.8 83.708 82.229 73.558 39.788 13.918 92.52 85.564 266.273 68.797 38.998 83.52 78.487 93.326 64.276 44.587 51.772 63.038 78.679 44.882 56.924 64.09 90.263 817.783 57.458
17.614 38.126 83.553 37.337 60.2 51.152 54.378 65.102 81.932 42.988 0 560.085 63.832 78.332 38.984 73.711 64.99 501.526 53.101 13.65 39.55 82.068 43.516 36.095 39.174 24.584 60.552 38.638 75.636 58.722 44.536 80.66 72.262 79.178 53.559 46.522 49.964 769.4 60.517 54.396
65.882 54.567 75.04 62.601 102.914 59.766 549.37 558.818 69.56 43.421 56.008 0 25.638 25.875 66.953 64.715 87.101 98.245 58.047 60.674 39.711 889.237 93.243 62.856 75.984 59.534 92.238 91.73 62.817 603.541 62.584 90.037 60.511 37.792 65.338 46.905 34.03 52.852 102.176 93.129
75.188 74.371 74.518 638.034 114.064 67.837 66.404 59.61 47.991 65.381 63.832 25.638 0 23.678 62.915 55.709 94.722 1049.997 575.023 70.323 58.42 96.706 91.276 818.137 821.922 68.865 100.069 94.97 50.229 71.366 79.709 114.152 76.828 28.162 847.731 549.791 20.98 30.634 113.215 110.377
89.878 80.252 73.234 75.793 122.379 81.48 77.004 59.254 62.448 68.681 78.332 258.747 23.678 0 78.977 61.501 99.121 1170.001 64.955 84.656 652.971 95.732 111.011 87.596 924.703 83.69 106.919 110.9 57.307 709.345 82.157 112.106 69.594 20.759 84.526 58.651 40.01 43.252 1212.552 117.064
54.654 73.952 605.391 15.939 66.811 82.415 86.416 49.964 55.703 74.955 38.984 66.953 62.915 78.977 0 45.521 53.096 50.806 30.211 51.858 71.985 68.205 43.887 69.079 326.451 60.756 52.086 41.346 48.119 538.391 59.785 111.434 74.844 69.838 70.4 40.483 42.093 58.646 65.932 82.07
91.097 96.906 284.221 43.281 96.083 107.802 108.302 29.626 382.475 918 73.711 64.715 55.709 61.501 45.521 0 61.928 86.791 25.322 86.677 90.818 59.221 89.004 93.848 620.293 93.435 71.135 850.361 9.861 50.092 74.906 1279.492 65.503 430.809 82.046 40.446 42.526 38.562 94.202 1120.742
78.904 82.19 49.243 39.247 42.574 113.698 113.796 44.251 94.386 83.708 64.99 87.101 94.722 99.121 530.965 61.928 0 44.944 41.184 762.317 89.648 24.796 81.181 688.564 28.934 88.477 14.784 60.773 70.915 31.564 42.139 95.867 50.589 89.22 488.311 40.956 78.56 93.495 39.947 70.05
56.431 74.325 86.769 45.735 22.033 98.856 102.408 76.588 106.188 82.229 50.153 982.454 105 117 50.806 867.909 44.944 0 636.598 56.871 84.926 69.687 49.219 60.564 26.55 69.724 311.16 24.112 92.967 64.49 53.11 95.275 830.056 111.186 62.273 63.608 86.617 107.631 22.436 51.117
70.693 76.514 31.917 20.797 71.682 94.17 94.677 202.043 54.524 73.558 53.101 58.047 57.502 64.955 30.211 25.322 41.184 63.66 0 66.451 74.305 45.608 72.848 70.94 37.766 752.329 48.7 64.107 322.024 30.813 51.256 106.251 51.018 52.322 59.569 19.736 406.373 52.319 69.905 870.245
5.401 32.227 96.466 50.929 65.41 42.071 45.881 77.341 92.545 39.788 13.65 60.674 70.323 84.656 51.858 86.677 76.232 56.871 66.451 0 35.014 936.087 46.898 33.404 50.532 13.149 70.724 44.265 88.106 69.651 509.12 76.518 80.711 88.273 58.397 58.342 592.022 86.693 66.224 51.58
38.745 19.822 98.608 67.552 87.672 33.506 27.608 77.235 967.554 13.918 39.55 39.711 58.42 65.297 719.85 90.818 89.648 84.926 74.305 350.139 0 99.544 80.097 34.98 715.204 30.518 88.988 77.187 91.042 70.721 53.807 643.541 72.132 76.146 56.129 60.072 57.895 84.318 87.969 652.231
97.133 94.173 36.479 540.326 65.103 126.737 125.197 38.139 96.416 92.52 82.068 88.924 967.061 95.732 68.205 59.221 247.956 696.869 45.608 936.087 99.544 0 1028.754 82.574 510.062 1046.595 39.237 843.204 688.124 29.672 52.568 103.074 41.599 84.165 55.645 44.573 83.771 93.78 62.418 87.796
45.106 78.522 103.456 53.4 69.489 76.911 85.043 91.379 89.015 855.641 43.516 93.243 91.276 111.011 43.887 89.004 81.181 49.219 72.848 46.898 80.097 102.875 0 74.423 53.344 53.61 72.245 25.304 90.299 887.345 79.873 117.727 107.929 107.226 902.486 772.055 73.369 93.161 70.315 782.884
35.409 17.272 94.175 60.118 57.118 601.732 57.648 74.169 110.042 26.627 36.095 62.856 81.814 87.596 69.079 93.848 68.856 60.564 70.94 33.404 34.98 82.574 74.423 0 53.096 39.799 65.136 61.22 97.536 58.896 30.396 44.656 62.344 92.648 32.509 55.526 73.929 1010.146 57.675 313.692
52.64 64.906 62.239 21.657 35.742 90.061 92.105 50.354 84.684 68.797 39.174 75.984 82.192 92.47 32.645 62.029 28.934 26.55 37.766 50.532 71.52 51.006 53.344 53.096 0 63.171 22.791 33.916 68.463 40.449 37.519 90.498 61.09 85.434 48.105 37.531 64.074 84.195 34.47 570.205
13.788 32.675 105.074 61.282 78.145 29.238 34.12 85.382 95.182 38.998 24.584 59.534 68.865 83.69 60.756 93.435 88.477 69.724 75.233 13.149 30.518 104.66 53.61 39.799 63.171 0 83.614 55.537 93.678 79.174 60.817 79.429 88.319 89.863 671.526 66.76 60.888 88.13 79.041 60.335
725.036 79.662 62.454 40.048 29.256 110.707 111.779 55.743 100.023 83.52 60.552 92.238 100.069 106.919 52.086 71.135 14.784 31.116 486.998 70.724 88.988 39.237 72.245 65.136 22.791 83.614 0 49.753 794.486 42.149 429.13 94.078 60.951 983.031 50.673 48.394 82.777 1000.856 26.703 61.475
430.006 70.453 92.637 43.411 44.258 83.69 89.36 806.056 95.697 784.868 38.638 91.73 949.699 1109.002 41.346 85.036 60.773 24.112 64.107 44.265 77.187 84.32 25.304 61.22 339.163 55.537 497.528 0 88.941 73.054 61.814 102.133 92.24 1063.255 720.453 65.905 76.36 98.028 45.066 59.227
92.572 98.999 37.253 48.333 103.315 105.823 106.528 36.971 291.994 93.326 75.636 62.817 50.229 57.307 48.119 9.861 70.915 92.967 32.202 88.106 91.042 68.812 90.299 97.536 68.463 93.678 79.449 88.941 0 57.644 80.901 1324.06 71.865 38.473 88.059 460.54 38.461 295.151 101.576 117.422
73.932 67.581 37.841 38.508 62.453 98.769 964.739 22.228 824.919 64.276 58.722 60.354 71.366 70.934 53.839 50.092 31.564 64.49 30.813 69.651 70.721 29.672 887.345 58.896 404.487 791.735 42.149 73.054 57.644 0 31.137 83.933 23.136 63.412 35.434 18.296 601.365 75.603 60.415 72.982
54.228 432.576 684.344 45.703 46.674 82.761 80.23 50.598 100.182 44.587 44.536 62.584 79.709 82.157 59.785 74.906 42.139 53.11 51.256 50.912 538.065 52.568 79.873 30.396 37.519 60.817 429.13 61.814 80.901 31.137 0 56.997 371.346 81.446 11.013 35.07 69.177 92.301 45.714 43.126
77.727 48.491 121.127 99.954 82.671 90.363 83.848 102.483 148.391 51.772 80.66 90.037 114.152 112.106 111.434 127.949 95.867 95.275 106.251 76.518 64.354 103.074 117.727 44.656 90.498 79.429 94.078 1021.328 132.406 83.933 56.997 0 753.857 120.5 49.281 87.772 111.383 136.562 83.2 490.45
85.213 68.989 50.153 60.008 76.699 103.819 99.059 36.126 96.71 630.385 72.262 605.107 76.828 69.594 74.844 65.503 50.589 830.056 51.018 80.711 72.132 41.599 107.929 62.344 61.09 88.319 60.951 92.24 718.649 23.136 37.135 75.386 0 66.199 34.347 35.157 71.5 86.14 74.846 78.638
93.508 88.696 56.516 669.377 117.742 93.025 90.268 46.582 47.841 78.679 79.178 37.792 281.622 20.759 69.838 43.081 89.22 111.186 52.322 88.273 76.146 84.165 107.226 92.648 85.434 89.863 98.303 106.325 38.473 63.412 81.446 120.5 66.199 0 85.226 51.353 35.327 30.233 116.288 119.468
61.64 44.602 73.236 56.122 52.898 86.993 83.189 55.718 108.189 44.882 53.559 65.338 84.773 84.526 704.001 82.046 48.831 62.273 59.569 58.397 56.129 55.645 90.249 32.509 48.105 67.153 50.673 72.045 88.059 35.434 11.013 49.281 34.347 85.226 0 42.066 763.955 99.04 51.982 446.218
63.06 60.926 39.893 27.225 67.007 84.998 83.612 19.476 67.395 56.924 46.522 46.905 54.979 58.651 40.483 40.446 409.56 636.079 19.736 58.342 60.072 44.573 77.205 55.526 37.531 667.6 48.394 65.905 46.054 18.296 35.07 87.772 35.157 51.353 42.066 0 42.173 59.981 65.395 74.601
63.909 70.115 63.502 44.457 97.615 68.171 69.047 48.668 39.051 640.895 49.964 34.03 20.98 40.01 42.093 42.526 78.56 86.617 406.373 59.202 57.895 83.771 73.369 73.929 640.739 60.888 82.777 76.36 38.461 60.136 69.177 111.383 71.5 35.327 76.395 42.173 0 27.962 96.721 99.219
91.197 97.439 64.026 62.775 119.455 92.39 93.243 57.302 19.357 902.629 76.94 528.522 30.634 43.252 58.646 385.617 93.495 107.631 523.192 86.693 84.318 93.78 93.161 101.015 84.195 88.13 100.086 98.028 29.515 75.603 92.301 136.562 86.14 30.233 99.04 59.981 27.962 0 118.208 125.655
662.913 74.114 87.631 56.095 2.791 107.491 108.954 77.498 119.12 81.778 60.517 102.176 113.215 121.255 65.932 942.022 39.947 22.436 69.905 66.224 87.969 62.418 70.315 576.749 344.697 79.041 26.703 45.066 101.576 60.415 457.14 83.2 74.846 116.288 51.982 65.395 96.721 118.208 0 421.66
50.693 46.358 108.696 72.961 40.543 84.299 83.792 91.85 131.615 57.458 54.396 93.129 110.377 117.064 82.07 112.074 70.05 51.117 87.025 51.58 65.223 87.796 78.288 313.692 570.205 60.335 61.475 59.227 117.422 72.982 43.126 49.045 78.638 119.468 44.622 74.601 99.219 125.655 42.166 0
