20
2 2 2 3 3 3 3 3 3 3 3 3 3 3 1 1 1 1 1 1 
3 1 2 2 3 2 2 4 3 2 4 3 3 4 1 1 1 1 1 1
0 91.45 80.168 761.614 19.864 27.847 63.392 66.063 35.071 109.773 72.891 84.372 52.052 73.16 838.824 68.306 73.486 48.611 38.865 48.042
91.45 0 26.282 28.979 98.25 93.653 68.463 91.691 105.459 769.986 19.032 92.539 587.888 310.11 497.553 96.644 48.683 67.726 90.912 58.286
801.684 26.282 0 44.429 91.244 84.036 63.232 97.707 87.223 856.778 25.829 99.405 638.23 11.124 26.174 1029.801 39.156 68.827 74.967 58.691
76.161 28.979 44.429 0 78.521 77.928 59.856 652.921 97.855 71.599 18.821 71.691 32.654 43.797 66.499 69.601 53.596 45.89 83.399 38.638
19.864 98.25 91.244 78.521 0 394.225 751.602 60.493 53.422 116.992 79.582 85.072 50.519 83.554 99.203 60.925 79.343 51.524 57.37 45.82
27.847 93.653 84.036 77.928 39.422 0 44.831 55.047 37.764 91.424 753.786 64.962 52.974 80.361 84.006 58.594 89.497 38.409 26.789 618.239
63.392 68.463 63.232 59.856 75.16 44.831 0 59.578 67.421 50.348 55.223 49.502 51.941 65.721 61.69 65.966 87.121 34.877 43.536 68.915
66.063 91.691 97.707 65.292 60.493 55.047 595.78 0 91.681 76.432 75.992 31.944 38.21 955.911 108.996 6.577 102.954 30.992 777.461 61.767
350.708 105.459 87.223 97.855 53.422 37.764 67.421 91.681 0 117.764 88.982 101.063 79.722 82.17 79.992 95.026 884.181 70.413 24.664 771.296
109.773 76.999 85.678 71.599 116.992 91.424 50.348 764.32 117.764 0 73.74 50.498 77.096 92.431 88.808 82.306 116.14 66.081 93.7 99.321
72.891 19.032 25.829 18.821 79.582 75.379 552.228 75.992 88.982 73.74 0 80.043 41.639 26.075 48.036 80.941 43.188 50.38 74.789 41.971
843.725 92.539 994.047 71.691 85.072 64.962 49.502 31.944 101.063 50.498 80.043 0 55.437 100.79 106.591 366.741 115.882 408.074 81.124 81.907
520.516 58.789 63.823 32.654 50.519 52.974 51.941 38.21 797.221 77.096 41.639 55.437 0 60.029 79.718 41.923 65.143 21.533 67.277 26.763
73.16 31.011 11.124 43.797 83.554 80.361 65.721 95.591 82.17 92.431 26.075 100.79 600.29 0 31.841 100.46 28.882 66.934 724.341 50.864
838.824 49.755 26.174 66.499 99.203 84.006 61.69 108.996 799.918 88.808 48.036 106.591 79.718 31.841 0 1147.738 577.05 78.317 67.341 76.893
68.306 96.644 102.98 69.601 609.251 58.594 65.966 6.577 95.026 82.306 80.941 36.674 41.923 100.46 114.774 0 106.423 36.682 82.293 64.097
734.863 486.831 39.156 53.596 79.343 89.497 87.121 102.954 88.418 116.14 43.188 115.882 65.143 28.882 57.705 106.423 0 78.162 856.606 44.672
48.611 67.726 68.827 45.89 51.524 38.409 34.877 30.992 70.413 66.081 50.38 40.807 21.533 66.934 78.317 36.682 78.162 0 53.846 441.291
38.865 90.912 74.967 83.399 57.37 26.789 43.536 77.746 246.641 93.7 74.789 81.124 67.277 72.434 67.341 82.293 85.661 53.846 0 71.617
48.042 58.286 58.691 38.638 45.82 61.824 689.147 61.767 77.13 99.321 41.971 81.907 26.763 50.864 76.893 64.097 44.672 44.129 71.617 0
