40
2 2 2 2 3 3 3 3 3 3 3 3 3 3 3 3 3 3 3 3 3 3 3 3 3 3 1 1 1 1 1 1 1 1 1 1 1 1 1 1 
1 2 2 1 2 2 3 3 3 3 3 2 4 3 3 4 3 4 4 4 4 3 2 4 3 2 1 1 1 1 1 1 1 1 1 1 1 1 1 1
0 35.769 66.007 54.98 22.678 44.293 43.174 59.208 74.377 78.141 42.899 57.862 70.163 43.19 84.575 65.715 76.293 31.011 61.834 23.448 67.797 41.784 364.874 812.671 40.591 142.011 53.456 56.266 45.431 72.204 77.828 71.203 73.038 761.798 73.526 14.082 86.966 91.073 77.28 72.971
35.769 0 65.095 88.352 45.625 26.425 69.777 24.278 85.954 106.788 68.831 53.335 83.754 36.144 105.033 45.18 83.262 42.188 965.277 561.415 101.558 71.609 55.787 67.87 56.426 45.578 55.563 32.518 43.36 91.206 97.697 72.122 66.708 82.818 89.581 31.453 93.363 115.763 963.26 97.919
660.071 65.095 0 109.741 70.404 73.871 82.513 79.09 32.424 101.51 52.848 45.182 107.178 30.969 75.637 45.545 124.813 45.831 111.971 838.465 109.169 65.256 63.8 37.219 36.859 586.199 65.792 49.992 480.055 89.639 52.822 118.821 13.764 125.773 77.683 73.47 980.135 90.886 57.246 92.716
54.98 88.352 109.741 0 60.927 87.451 59.314 110.378 1061.685 56.534 61.728 976.647 67.595 93.175 88.731 115.26 75.147 78.158 11.717 32.449 26.4 49.892 71.518 127.133 79.454 54.048 83.338 107.276 86.506 70.983 93.622 80.511 1183.1 75.18 81.436 60.963 97.249 838.401 90.972 61.949
22.678 45.625 704.035 60.927 0 62.7 24.25 65.035 72.605 91.777 52.14 75.209 91.584 53.909 978.169 78.557 95.899 25.426 65.566 36.585 76.299 52.843 17.925 92.696 38.323 24.756 74.912 69.232 63.96 91.525 82.901 90.658 79.88 95.427 92.095 19.829 108.944 103.322 87.074 89.284
44.293 26.425 73.871 87.451 626.999 0 86.18 39.577 96.998 97.756 70.791 44.01 63.536 43.178 97.655 43.688 63.126 60.511 96.697 57.036 97.591 71.174 74.925 66.722 70.066 53.658 37.739 32.898 34.36 76.114 1003.216 51.614 72.617 63.152 760.079 45.283 71.473 108.331 94.112 86.705
43.174 69.777 82.513 59.314 24.25 86.18 0 88.315 74.794 937.918 57.94 939.238 105.638 731.545 102.738 997.037 111.858 40.455 60.034 47.344 73.622 57.719 21.244 110.502 46.157 39.523 93.564 91.592 83.493 101.671 83.93 108.985 94.167 111.422 102.814 42.735 1244.486 105.153 91.323 95.098
59.208 24.278 79.09 1103.779 65.035 39.577 88.315 0 102.978 130.453 92.342 69.115 102.103 53.113 127.096 51.566 96.597 61.127 119.059 78.829 125.132 95.773 73.695 75.668 76.29 69.31 73.621 39.946 61.876 112.729 118.81 83.051 78.157 95.782 110.615 51.995 1099.142 138.82 117.828 120.956
74.377 85.954 32.424 106.169 72.605 96.998 74.794 102.978 0 97.229 49.37 700.924 119.195 559.841 72.243 76.861 139.547 51.423 105.032 874.907 102.502 62.11 60.483 68.206 34.918 62.587 855.175 79.3 70.533 96.067 36.322 136.135 44.772 140.533 85.049 82.922 113.711 83.559 50.31 92.875
78.141 106.788 101.51 56.534 91.777 97.756 93.792 130.453 97.229 0 52.893 84.404 57.943 936.879 43.311 111.301 86.207 94.165 54.465 63.681 33.722 42.932 96.986 113.413 85.744 70.672 70.906 109.148 795.881 33.511 68.116 94.531 107.433 88.18 423.656 90.989 67.223 32.896 57.289 15.519
42.899 68.831 52.848 61.728 52.14 707.911 57.94 92.342 49.37 52.893 0 53.148 73.643 48.581 46.178 72.932 95.339 44.669 621.422 45.478 56.683 131.813 51.827 75.009 33.285 299.498 53.436 706.423 47.229 53.312 36.971 95.196 61.975 96.498 48.746 56.32 777.239 532.214 36.153 48.459
57.862 53.335 45.182 97.665 75.209 44.01 939.238 69.115 70.092 84.404 53.148 0 70.036 28.846 65.937 288.207 87.763 60.357 103.122 70.504 96.818 59.033 79.351 33.846 58.067 56.111 24.278 32.141 13.109 60.09 68.557 81.962 40.864 89.166 50.336 67.024 57.09 81.32 60.19 71.085
70.163 83.754 107.178 67.595 91.584 63.536 105.638 102.103 119.195 57.943 73.643 70.036 0 85.016 77.36 91.78 330.096 96.365 754.063 59.114 65.787 65.163 104.518 103.544 97.151 72.981 45.977 86.927 63.234 370.52 101.61 41.334 108.092 35.708 50.282 78.731 38.489 79.24 88.399 48.233
431.901 36.144 30.969 93.175 539.094 43.178 73.154 53.113 55.984 93.688 48.581 28.846 850.157 0 78.809 27.951 974.818 34.847 98.319 62.991 97.493 56.847 55.367 39.015 36.838 41.567 44.263 24.993 24.61 77.446 67.467 89.865 32.526 98.128 69.67 494.523 82.275 92.674 66.481 83.556
84.575 105.033 75.637 88.731 97.817 97.655 1027.377 127.096 722.433 433.106 46.178 65.937 77.36 78.809 0 92.933 108.577 88.497 87.241 81.84 70.669 47.34 97.725 85.785 74.881 74.075 64.173 95.7 675.926 41.051 390.938 112.42 79.466 110.8 30.138 98.621 64.745 18.233 22.214 364.198
65.715 451.796 455.447 115.26 78.557 43.688 99.704 51.566 76.861 111.301 72.932 28.821 91.78 27.951 92.933 0 101.847 61.181 121.623 84.396 119.213 803.057 81.653 25.489 64.271 67.253 47.458 12.984 32.383 880.425 87.472 92.134 37.597 102.601 79.137 69.76 81.558 108.692 83.376 987.125
76.293 83.262 124.813 75.147 95.899 63.126 111.858 96.597 139.547 862.071 95.339 87.763 33.01 97.482 108.577 101.847 0 105.825 85.63 658.623 83.396 86.833 112.08 119.544 111.958 84.418 64.773 93.927 78.829 69.509 127.899 15.69 125.461 3.038 81.702 79.364 653.632 110.613 116.806 78.897
31.011 42.188 45.831 78.158 25.426 605.11 40.455 61.127 51.423 94.165 44.669 60.357 96.365 348.475 88.497 61.181 105.825 0 81.662 51.233 87.14 51.504 20.789 712.729 183.466 26.66 67.872 54.647 52.032 89.604 68.28 99.593 55.807 105.872 85.482 34 104.519 97.72 73.851 89.165
61.834 96.528 111.971 117.169 655.657 96.697 60.034 1190.588 1050.32 54.465 62.142 103.122 75.406 98.319 872.408 121.623 85.63 81.662 0 40.758 21.594 50.459 73.653 1316.977 80.896 58.537 90.056 114.325 92.613 74.024 90.89 91.551 1213.2 85.836 83.806 68.561 102.877 80.635 89.327 62.383
23.448 56.142 83.847 32.449 36.585 57.036 47.344 788.287 87.491 636.81 45.478 70.504 59.114 62.991 81.84 843.957 65.862 51.233 40.758 0 47.545 37.525 50.532 98.665 56.25 26.606 58.938 75.577 58.19 63.87 82.231 65.289 91.205 65.823 70.104 310.415 83.71 83.884 79.597 61.507
67.797 1015.579 109.169 26.4 76.299 975.913 73.622 125.132 102.502 33.722 56.683 96.818 65.787 97.493 70.669 119.213 83.396 87.14 21.594 47.545 0 43.985 83.321 126.447 82.913 62.368 82.687 113.72 88.06 57.72 81.607 91.227 117.503 84.351 68.19 77.667 89.064 61.962 76.9 43.729
41.784 71.609 65.256 49.892 52.843 71.174 57.719 95.773 62.11 429.319 13.181 59.033 65.163 568.474 47.34 80.306 86.833 51.504 50.459 375.253 43.985 0 55.789 84.684 43.315 30.503 53.685 76.766 51.588 46.952 46.467 88.305 73.718 87.996 46.595 55.415 74.369 50.692 43.147 40.033
36.487 55.787 63.8 71.518 17.925 74.925 21.244 73.695 604.832 96.986 518.267 79.351 104.518 553.675 97.725 81.653 112.08 20.789 73.653 50.532 833.21 55.789 0 918.603 29.739 32.219 83.468 74.259 70.006 98.88 75.969 107.113 75.101 111.827 97.077 36.459 117.978 103.76 83.669 95.17
81.267 67.87 37.219 127.133 92.696 66.722 110.502 756.682 68.206 113.413 75.009 33.846 1035.444 39.015 85.785 25.489 119.544 71.273 131.698 986.65 126.447 84.684 91.86 0 680.23 78.603 57.646 37.78 43.81 90.98 78.091 111.853 24.313 1207.502 78.153 87.85 85.58 1032.923 74.375 100.732
40.591 564.26 368.591 79.454 38.323 70.066 46.157 76.29 34.918 85.744 33.285 58.067 97.151 36.838 74.881 64.271 111.958 18.347 80.896 56.25 82.913 43.315 29.739 68.023 0 30.052 67.492 60.978 52.166 833.516 50.581 107.557 49.166 112.453 77.139 482.012 1011.972 84.403 580.907 81.193
14.201 45.578 58.62 540.477 24.756 53.658 39.523 69.31 625.871 70.672 29.95 56.111 72.981 41.567 74.075 67.253 84.418 266.603 58.537 26.606 62.368 305.027 32.219 78.603 30.052 0 54.147 59.972 45.101 67.782 64.419 81.023 67.329 84.693 67.426 26.592 86.443 804.808 65.168 66.284
53.456 555.634 65.792 83.338 74.912 377.394 93.564 73.621 855.175 70.906 53.436 24.278 45.977 44.263 64.173 474.583 64.773 67.872 90.056 58.938 826.872 536.845 83.468 576.458 67.492 54.147 0 45.544 19.763 43.471 76.792 60.947 64.044 66.448 39.9 63.29 39.273 75.927 65.423 57.017
56.266 32.518 49.992 107.276 69.232 32.898 91.592 39.946 79.3 109.148 70.642 321.414 86.927 24.993 95.7 12.984 93.927 54.647 114.325 75.577 113.72 76.766 74.259 37.78 60.978 59.972 455.442 0 30.276 87.106 90.234 83.432 45.148 94.382 80.393 58.769 82.254 110.185 86.595 97.227
45.431 43.36 48.005 86.506 63.96 34.36 834.927 618.763 70.533 79.588 47.229 13.109 632.344 24.61 67.593 32.383 78.829 52.032 92.613 58.19 88.06 51.588 70.006 43.81 52.166 45.101 19.763 30.276 0 57.283 69.484 72.767 46.762 79.99 50.649 54.571 57.982 81.12 62.101 67.164
72.204 91.206 89.639 70.983 91.525 76.114 101.671 112.729 96.067 33.511 533.121 60.09 37.052 77.446 41.051 88.042 69.509 896.043 74.024 63.87 57.72 46.952 98.88 90.98 83.352 67.782 43.471 87.106 57.283 0 71.143 75.464 91.591 719.938 16.961 85 34.272 43.598 55.675 18.4
778.282 97.697 52.822 93.622 82.901 100.322 83.93 118.81 36.322 68.116 369.705 685.567 101.61 67.467 39.094 87.472 127.899 682.803 90.89 822.312 81.607 46.467 75.969 78.091 50.581 644.195 76.792 902.34 69.484 71.143 0 1283.472 61.538 129.469 60.099 90.293 93.989 48.542 181.888 64.907
712.033 72.122 118.821 80.511 90.658 516.136 108.985 83.051 136.135 945.308 95.196 819.621 413.337 89.865 112.42 92.134 15.69 99.593 91.551 652.891 91.227 88.305 107.113 111.853 107.557 81.023 60.947 83.432 72.767 75.464 128.347 0 118.752 14.578 85.253 72.494 68.59 116.634 118.163 86.012
73.038 66.708 13.764 1183.1 79.88 72.617 94.167 78.157 44.772 107.433 61.975 40.864 108.092 32.526 79.466 375.975 125.461 55.807 121.32 91.205 117.503 737.18 75.101 24.313 49.166 67.329 64.044 45.148 46.762 91.591 61.538 118.752 0 126.521 78.736 80.135 95.154 96.017 63.01 97.101
761.798 828.179 1257.729 75.18 95.427 63.152 111.422 95.782 140.533 88.18 96.498 89.166 35.708 98.128 110.8 1026.011 3.038 105.872 85.836 65.823 84.351 87.996 111.827 120.75 112.453 84.693 66.448 94.382 79.99 71.994 129.469 14.578 1265.212 0 84.118 78.732 68.163 112.834 118.669 81.098
735.257 89.581 77.683 81.436 92.095 76.008 102.814 110.615 85.049 42.366 48.746 50.336 50.282 69.67 30.138 79.137 81.702 85.482 83.806 70.104 68.19 46.595 97.077 78.153 77.139 67.426 39.9 80.393 50.649 16.961 60.099 85.253 78.736 84.118 0 86.864 35.738 39.315 43.305 274.506
14.082 31.453 73.47 60.963 19.829 45.283 427.35 51.995 82.922 90.989 56.32 67.024 787.305 49.452 98.621 69.76 79.364 34 68.561 31.041 77.667 554.149 36.459 878.502 48.201 26.592 63.29 587.691 54.571 85 90.293 72.494 80.135 78.732 86.864 0 97.555 105.062 90.754 86.223
86.966 93.363 98.013 97.249 108.944 71.473 1244.486 1099.142 113.711 67.223 77.724 570.898 38.489 822.746 64.745 815.585 65.363 104.519 102.877 83.71 890.638 74.369 117.978 85.58 101.197 86.443 39.273 82.254 57.982 34.272 93.989 68.59 95.154 68.163 35.738 97.555 0 72.299 77.462 52.522
91.073 1157.625 90.886 83.84 103.322 1083.311 1051.532 138.82 83.559 32.896 53.221 81.32 79.24 92.674 18.233 1086.918 110.613 97.72 80.635 83.884 619.625 50.692 103.76 1032.923 84.403 80.481 75.927 110.185 81.12 43.598 48.542 1166.339 960.171 112.834 39.315 105.062 72.299 0 35.662 32.261
77.28 96.326 57.246 90.972 87.074 94.112 91.323 117.828 503.096 57.289 36.153 60.19 88.399 66.481 22.214 83.376 116.806 73.851 89.327 79.597 76.9 43.147 83.669 74.375 58.091 651.683 65.423 86.595 62.101 55.675 18.189 118.163 630.104 118.669 43.305 90.754 77.462 356.616 0 51.434
72.971 97.919 92.716 61.949 89.284 86.705 95.098 120.956 92.875 15.519 48.459 71.085 48.233 83.556 36.42 98.713 78.897 89.165 623.829 615.065 43.729 40.033 95.17 100.732 81.193 66.284 570.167 97.227 67.164 18.4 649.065 86.012 97.101 81.098 27.451 86.223 52.522 32.261 51.434 0
