10
2 3 3 3 3 1 1 1 1 1
2 3 3 4 5 1 1 1 1 1
0 81.13 28.891 102.218 91.391 52.799 20.105 45.149 84.992 35.699
81.13 0 102.894 88.779 30.081 64.772 98.54 111.561 81.663 53.935
288.912 102.894 0 107.553 1089.057 56.947 32.457 49.813 106.885 61.424
102.218 88.779 107.553 0 63.292 93.554 116.933 104.847 85.384 84.441
91.391 30.081 108.906 63.292 0 722.896 1095.555 114.421 78.945 63.178
52.799 64.772 56.947 93.554 72.29 0 71.582 92.559 111.074 59.083
20.105 98.54 32.457 116.933 109.556 71.582 0 36.623 904.98 49.425
45.149 111.561 49.813 104.847 114.421 92.559 36.623 0 76.717 58.22
84.992 81.663 106.885 85.384 78.945 111.074 90.498 767.172 0 55.89
35.699 53.935 61.424 844.412 63.178 59.083 494.248 58.22 55.89 0
