40
2 2 2 2 3 3 3 3 3 3 3 3 3 3 3 3 3 3 3 3 3 3 1 1 1 1 1 1 1 1 1 1 1 1 1 1 1 1 1 1 
1 3 1 2 4 4 2 3 4 3 3 4 2 3 2 4 3 4 2 2 2 4 1 1 1 1 1 1 1 1 1 1 1 1 1 1 1 1 1 1
0 51.644 56.475 71.389 59.843 66.377 69.016 68.576 440.248 61.951 67.952 72.699 37.403 65.866 40.031 50.357 81.494 76.575 74.855 769.618 43.49 84.532 38.008 52.317 100.147 53.658 76.071 70.412 91.222 95.833 80.065 101.789 61.482 57.461 79.162 795.28 88.25 65.964 115.476 906.67
51.644 0 52.606 78.816 46.931 363.137 61.43 349.465 37.09 82.052 25.134 427.029 443.669 44.936 57.029 32.802 50.953 96.38 47.938 54.277 59.222 65.415 61.258 727.915 61.1 38.696 260.66 483.17 68.831 82.186 76.233 88.513 87.55 32.468 56.863 41.041 56.593 74.481 104.594 42.266
56.475 52.606 0 89.579 91.661 48.767 12.615 82.629 42.809 86.879 70.198 88.846 73.352 79.009 85.606 43.08 57.951 106.558 91.616 66.437 601.005 57.042 88.811 40.142 98.176 37.01 65.334 40.895 37.906 66.786 864.299 114.747 90.518 79.894 40.21 427.344 81.978 60.998 90.566 89.611
71.389 78.816 89.579 0 66.626 62.343 98.384 67.963 50.148 19.041 70.62 65.16 48.526 44.562 55.234 543.917 66.572 26.105 60.371 48.346 32.563 63.511 86.742 67.462 75.855 57.861 84.552 66.713 104.716 68.007 193.729 43.463 28.431 67.254 77.401 101.835 57.926 39.819 73.898 96.284
59.843 46.931 91.661 66.626 0 64.509 102.52 25.831 57.627 70.871 40.236 24.959 28.386 35.331 307.689 57.543 76.711 75.792 27.076 67.67 626.653 89.613 46.519 944.585 60.965 666.757 57.085 79.371 1111.398 104.361 71.165 68.485 752.613 15.731 91.236 86.664 63.139 85.711 120.663 54.461
66.377 36.314 48.767 62.343 64.509 0 541.805 46.634 25.098 70.078 33.01 508.164 543.143 38.832 70.168 16.746 16.043 85.981 51.885 22.381 48.065 29.707 86.989 60.077 50.785 17.495 32.68 16.728 51.651 46.86 52.414 71.762 77.952 51.291 277.178 41.082 33.356 50.349 688.046 55.587
69.016 61.43 12.615 98.384 102.52 541.805 0 91.477 52.565 96.555 77.784 97.759 85.078 87.875 97.788 51.74 605.214 116.408 100.52 71.557 70.195 58.243 101.126 46.961 103.463 44.644 70.58 43.831 28.874 66.375 93.494 122.166 100.509 90.013 39.413 42.415 87.079 67.182 89.907 953.644
68.576 34.947 82.629 67.963 25.831 46.634 91.477 0 50.011 76.703 16.858 8.118 395.775 24.495 50.119 46.104 566.664 84.835 14.641 51.128 63.553 729.854 65.92 91.758 382.243 54.806 34.151 63.135 94.056 88.966 65.236 62.939 83.487 140.988 741.382 68.35 42.652 80.607 106.166 32.338
44.025 37.09 42.809 50.148 57.627 25.098 52.565 50.011 0 517.187 42.31 53.773 376.468 38.654 52.466 8.735 38.436 69.504 54.405 34.159 26.06 41.675 69.667 42.274 66.936 12.531 48.648 29.289 62.232 55.027 479.503 73.433 57.864 48.018 40.555 54.761 49.097 37.505 75.776 69.213
61.951 820.521 86.879 19.041 70.871 70.078 96.555 76.703 51.719 0 79.337 75.022 47.588 55.826 51.224 58.342 76.843 201.263 71.312 607.097 272.356 721.21 79.994 593.577 91.084 61.08 92.944 72.627 107.76 76.022 36.394 61.642 9.829 72.668 82.881 1062.836 73.043 39.067 833.994 1061.863
67.952 25.134 70.198 70.62 40.236 33.01 77.784 168.58 423.1 79.337 0 23.338 456.02 28.418 59.033 36.161 43.172 90.628 27.866 42.573 61.646 60.992 72.878 84.071 36.417 43.668 18.397 49.516 78.045 77.839 64.761 68.749 866.505 25.306 59.514 52.205 36.449 74.864 97.018 27.806
72.699 42.703 88.846 65.16 24.959 508.164 97.759 8.118 53.773 75.022 23.338 0 406.007 22.363 500.583 503.403 59.617 81.453 7.082 51.892 64.661 75.275 68.693 95.307 36.112 59.1 40.735 67.214 99.87 90.578 62.664 56.638 81.974 18.06 78.509 75.446 41.774 81.624 106.256 36.905
37.403 44.367 73.352 48.526 28.386 54.314 85.078 39.578 37.647 47.588 45.602 40.601 0 33.615 158.59 41.466 67.873 57.418 40.834 573.515 36.318 75.229 41.437 68.267 70.681 49.427 60.93 65.108 97.821 881.077 56.464 68.051 51.167 29.58 771.032 81.004 62.112 61.858 104.76 695.033
65.866 44.936 79.009 44.562 35.331 388.324 87.875 24.495 38.654 55.826 28.418 223.628 33.615 0 46.393 36.491 46.794 64.286 190.491 339.568 45.955 58.259 71.952 78.503 38.896 44.661 45.07 53.161 90.301 72.026 40.825 43.947 638.662 29.227 65.279 73.45 30.374 604.623 86.576 52.07
400.308 57.029 85.606 55.234 30.769 70.168 97.788 50.119 52.466 51.224 59.033 50.058 15.859 46.393 0 56.978 83.649 56.979 50.038 72.35 462.961 90.416 33.097 77.813 82.753 64.582 74.782 80.636 112.536 102.539 66.814 75.171 52.316 38.442 92.515 95.221 76.163 72.955 118.069 80.348
50.357 32.802 43.08 54.392 57.543 16.746 51.74 46.104 8.735 58.342 361.612 503.403 41.466 36.491 56.978 0 31.207 75.39 51.379 29.539 33.895 37.828 73.592 48.537 60.473 9.189 40.859 23.91 57.947 52.919 49.496 72.582 651.382 46.158 35.695 48.165 43.174 42.453 74.498 623.803
81.494 509.527 579.508 66.572 76.711 16.043 60.521 56.666 38.436 76.843 43.172 59.617 67.873 46.794 83.649 31.207 0 91.912 59.642 19.313 576.901 20.421 102.525 67.644 49.279 29.406 40.514 18.308 50.561 37.062 52.566 70.89 85.466 63.865 24.665 46.653 29.598 53.167 57.651 61.661
76.575 963.798 106.558 26.105 75.792 85.981 116.408 848.347 69.504 201.263 90.628 814.532 57.418 642.863 56.979 75.39 91.912 0 76.703 740.919 465.069 88.302 87.285 791.569 97.848 79.164 106.048 90.238 1267.638 91.564 44.705 59.1 20.039 81.005 1008.63 123.534 826.202 57.485 95.464 1157.788
74.855 47.938 91.616 60.371 27.076 518.846 100.52 14.641 54.405 71.312 27.866 70.818 40.834 19.049 50.038 51.379 59.642 76.703 0 49.908 63.093 74.295 71.646 954.472 34.755 60.033 45.404 67.906 102.239 88.862 57.775 49.727 78.538 23.027 79.44 79.698 39.299 79.428 103.229 42.395
76.962 54.277 66.437 48.346 67.67 22.381 71.557 51.128 34.159 60.71 42.573 51.892 573.515 33.957 72.35 29.539 19.313 74.092 499.083 0 46.141 25.569 96.135 65.893 45.442 30.861 47.896 28.584 66.875 39.028 338.151 53.266 69.938 57.695 38.558 62.332 21.205 43.695 55.127 651.951
434.898 59.222 60.101 32.563 62.665 48.065 70.195 63.553 26.06 27.236 616.464 64.661 36.318 45.955 46.296 33.895 57.69 46.507 63.093 46.141 0 54.548 69.615 39.058 81.03 35.852 72.213 49.683 828.356 62.217 39.223 69.036 32.285 59.238 60.007 80.513 618.235 27.022 77.041 89.424
84.532 65.415 57.042 63.511 89.613 29.707 58.243 729.854 41.675 72.121 609.916 75.275 752.286 58.259 90.416 37.828 20.421 88.302 74.295 25.569 54.548 0 110.907 57.788 66.34 32.31 59.868 19.466 48.992 17.327 491.389 754.308 80.333 78.323 21.314 58.402 43.25 40.78 40.28 81.741
38.008 61.258 888.111 86.742 46.519 86.989 101.126 65.92 69.667 79.994 72.878 68.693 41.437 71.952 33.097 735.916 102.525 87.285 71.646 96.135 69.615 110.907 0 89.481 1035.292 80.25 84.3 96.725 120.254 124.365 97.334 1066.605 79.195 51.827 107.03 98.929 99.97 959.674 143.153 883.791
52.317 72.792 40.142 67.462 94.459 60.077 46.961 91.758 42.274 59.358 840.708 95.307 68.267 78.503 77.813 48.537 67.644 79.157 95.447 65.893 39.058 57.788 89.481 0 107.137 43.024 87.076 51.208 65.909 60.782 69.256 1037.936 60.814 87.505 54.368 77.142 85.863 34.429 78.111 109.898
100.147 61.1 98.176 75.855 60.965 50.785 103.463 382.243 66.936 91.084 36.417 36.112 70.681 38.896 82.753 60.473 49.279 97.848 34.755 45.442 81.03 66.34 103.529 107.137 0 66.12 42.513 64.957 952.646 79.911 64.139 53.094 100.077 52.081 73.256 75.44 24.86 87.371 91.934 39.029
53.658 386.962 370.098 57.861 66.676 17.495 44.644 54.806 12.531 61.08 436.681 59.1 49.427 44.661 64.582 9.189 29.406 79.164 60.033 30.861 35.852 32.31 80.25 43.024 66.12 0 455.215 17.211 50.469 46.72 51.883 77.903 67.695 55.197 28.14 460.165 47.192 39.01 693.95 68.678
76.071 26.066 65.334 84.552 57.085 32.68 70.58 34.151 48.648 92.944 18.397 40.735 60.93 45.07 74.782 40.859 40.514 106.048 45.404 47.896 72.213 59.868 842.998 870.759 42.513 45.521 0 46.645 66.868 77.089 76.406 829.285 100.331 41.554 53.544 37.406 42.978 81.494 97.972 25.505
70.412 48.317 40.895 66.713 79.371 16.728 43.831 63.135 29.289 72.627 49.516 672.143 651.079 53.161 80.636 23.91 183.077 90.238 67.906 28.584 49.683 19.466 96.725 512.084 64.957 17.211 466.45 0 39.546 35.122 56.122 81.366 80.033 66.701 12.493 41.791 44.93 44.221 59.235 70.872
91.222 68.831 37.906 104.716 111.14 51.651 28.874 94.056 62.232 107.76 78.045 998.699 97.821 903.011 112.536 57.947 505.615 126.764 102.239 668.749 82.836 48.992 120.254 65.909 95.265 50.469 66.868 39.546 0 561.401 94.607 120.137 113.73 96.885 28.956 36.3 79.708 743.756 78.763 91.409
95.833 821.86 66.786 68.007 104.361 46.86 663.748 88.966 55.027 76.022 77.839 90.578 88.108 72.026 102.539 52.919 37.062 91.564 88.862 39.028 62.217 17.327 1243.646 60.782 79.911 46.72 77.089 35.122 56.14 0 53.284 81.76 83.801 94.094 33.329 73.057 56.237 41.454 24.767 985.368
80.065 76.233 86.43 19.373 711.65 52.414 93.494 65.236 47.95 36.394 64.761 62.664 56.464 40.825 66.814 49.496 525.657 44.705 57.775 33.815 39.223 49.139 97.334 69.256 641.389 51.883 76.406 56.122 94.607 53.284 0 36.798 46.119 68.26 659.892 93.334 43.537 37.475 583.758 89.184
101.789 88.513 114.747 43.463 68.485 71.762 1221.665 629.388 73.433 61.642 68.749 56.638 68.051 43.947 75.171 72.582 70.89 59.1 49.727 53.266 69.036 75.431 106.66 103.794 53.094 77.903 82.929 81.366 120.137 81.76 36.798 0 70.106 69.355 91.705 110.76 46.076 73.975 83.753 85.219
61.482 87.55 90.518 28.431 75.261 77.952 100.509 83.487 578.644 9.829 86.651 81.974 51.167 63.866 52.316 65.138 85.466 200.389 785.375 69.938 32.285 80.333 79.195 60.814 100.077 67.695 100.331 80.033 113.73 83.801 46.119 70.106 0 78.151 90.018 112.598 82.494 44.892 91.029 113.496
57.461 32.468 79.894 67.254 15.731 51.291 90.013 14.099 48.018 72.668 25.306 18.06 29.58 29.227 38.442 46.158 63.865 810.055 23.027 576.954 59.238 78.323 51.827 875.053 52.081 551.969 41.554 66.701 968.853 94.094 68.26 69.355 78.151 0 78.065 71.294 53.41 79.934 112.107 42.02
79.162 56.863 40.21 77.401 91.236 27.718 39.413 74.138 40.555 82.881 59.514 78.509 77.103 65.279 92.515 35.695 24.665 100.863 794.401 38.558 600.069 21.314 107.03 54.368 73.256 28.14 53.544 12.493 28.956 33.329 65.989 91.705 90.018 78.065 0 40.413 53.904 50.799 57.893 78.227
79.528 41.041 42.734 101.835 86.664 410.824 42.415 68.35 54.761 106.284 52.205 75.446 81.004 734.504 95.221 48.165 46.653 123.534 79.698 623.324 80.513 58.402 98.929 77.142 75.44 46.017 37.406 41.791 36.3 73.057 933.338 110.76 1125.984 71.294 40.413 0 67.769 83.125 97.063 597.607
88.25 565.931 81.978 57.926 63.139 33.356 87.079 42.652 49.097 73.043 36.449 41.774 62.112 30.374 76.163 43.174 29.598 82.62 39.299 21.205 61.824 43.25 999.696 85.863 248.598 47.192 42.978 449.301 79.708 562.372 43.537 46.076 82.494 53.41 53.904 67.769 0 63.76 68.928 52.76
65.964 74.481 60.998 39.819 85.711 50.349 67.182 806.067 37.505 39.067 74.864 816.242 61.858 604.623 72.955 42.453 53.167 574.846 79.428 43.695 27.022 40.78 95.967 34.429 87.371 390.1 81.494 44.221 74.376 41.454 37.475 73.975 44.892 79.934 50.799 83.125 63.76 0 533.903 101.789
115.476 104.594 90.566 73.898 120.663 68.805 89.907 106.166 75.776 83.399 97.018 106.256 104.76 86.576 118.069 74.498 57.651 95.464 103.229 55.127 77.041 40.28 1431.528 78.111 919.341 69.395 97.972 59.235 78.763 247.67 58.376 83.753 91.029 112.107 57.893 97.063 68.928 53.39 0 117.036
90.667 42.266 89.611 96.284 54.461 55.587 95.364 32.338 69.213 106.186 27.806 36.905 69.503 520.696 80.348 62.38 61.661 115.779 42.395 65.195 89.424 81.741 88.379 1098.98 39.029 68.678 25.505 70.872 91.409 98.537 891.842 85.219 1134.961 42.02 78.227 597.607 52.76 101.789 117.036 0
