40
2 2 2 2 2 2 2 3 3 3 3 3 3 3 3 3 3 3 3 1 1 1 1 1 1 1 1 1 1 1 1 1 1 1 1 1 1 1 1 1 
2 1 1 2 3 2 1 4 3 2 3 4 4 4 3 4 3 3 2 1 1 1 1 1 1 1 1 1 1 1 1 1 1 1 1 1 1 1 1 1
0 76.07 40.102 63.596 57.137 24.835 29.61 45.188 87.622 35.803 62.271 77.059 547.326 570.99 77.733 58.042 361.951 76.524 28.23 27.148 33.919 79.945 33.307 30.021 85.002 76.237 39.247 319.626 91.921 37.018 34.974 91.606 791.852 58.785 84.996 28.704 64.138 55.545 79.094 61.44
76.07 0 67.398 47.615 44.927 759.546 100.646 108.15 38.49 86.452 884.685 56.797 26.725 734.21 66.485 87.925 75.731 109.96 683.679 83.359 58.717 58.451 97.744 823.374 79.871 51.673 88.452 80.597 89.929 64.516 44.08 46.721 82.15 30.072 292.739 54.431 73.155 45.805 48.403 52.366
40.102 67.398 0 63.821 30.604 37.816 44.903 44.6 67.013 28.03 30.024 51.727 52.852 795.369 652.956 33.263 67.302 75.714 60.934 37.515 29.543 91.893 38.111 64.2 62.87 64.774 45.555 67.551 60.434 66.2 30.898 78.267 45.749 65.615 74.553 41.857 87.667 68.239 46.564 51.166
63.596 47.615 63.821 0 44.233 78.201 87.063 96.872 432.228 85.007 92.928 43.753 528.872 38.93 31.106 680.109 77.238 68.757 60.376 58.226 68.104 33.715 88.157 80 53.098 21.688 57.1 76.072 73.814 50.536 49.98 34.128 69.118 52.536 32.982 35.191 44.289 25.088 68.327 81.078
57.137 44.927 30.604 44.233 0 59.3 71.881 74.288 36.409 57.518 53.588 26.299 430.434 73.203 44.698 44.21 77.523 77.107 67.392 52.62 43.759 74.535 67.234 78.252 46.541 39.612 56.209 78.935 50.35 669.254 31.789 49.199 39.411 55.375 46.107 40.857 79.933 55.268 28.929 54.247
24.835 75.955 37.816 78.201 59.3 0 347.407 43.969 91.962 23.697 50.094 83.759 51.083 77.996 91.796 65.687 36.79 96.456 40.184 46.297 196.911 95.293 31.642 31.911 96.129 88.289 59.052 382.994 97.739 524.275 33.631 100.786 83.334 58.743 91.724 44.732 83.207 69.534 72.862 44.276
29.61 100.646 44.903 87.063 71.881 34.741 0 18.634 1065.28 27.723 54.928 90.112 79.375 81.967 93.084 54.737 59.032 77.926 56.23 32.824 49.057 107.327 11.292 49.64 93.437 95.449 43.089 544.052 94.201 657.505 57.01 112.492 81.127 86.285 108.498 54.808 90.561 83.653 90.95 76.693
45.188 108.15 446.004 96.872 74.288 43.969 18.634 0 110.218 26.168 44.904 91.451 88.088 97.233 98.053 50.689 74.634 81.825 72.721 427.126 55.2 120.702 12.84 65.776 93.752 101.64 50.953 71.299 894.705 82.108 65.067 118.431 76.297 97.481 115.687 670.713 106.404 96.833 89.727 80.611
87.622 38.49 67.013 43.223 36.409 91.962 106.528 110.218 0 93.577 87.53 274.819 56.593 81.462 41.392 73.321 101.185 92.636 89.343 825.228 74.937 67.505 102.991 104.723 49.437 29.448 82.829 103.32 600.946 83.924 59.43 21.053 57.666 63.749 22.079 63.325 85.336 59.939 41.319 76.226
35.803 86.452 28.03 85.007 57.518 23.697 27.723 261.685 93.577 0 30.934 796.331 65.185 90.181 90.534 511.606 59.843 89.618 59.939 43.413 30.653 108.27 17.858 53.605 88.81 90.222 54.726 59.704 85.154 702.126 43.845 1042.209 70.408 76.064 98.473 54.487 97.668 829.241 69.502 54.503
62.271 88.468 30.024 92.928 53.588 500.944 54.928 44.904 87.53 30.934 0 72.23 73.464 109.042 90.813 47.779 858.606 97.023 84.718 61.633 45.175 1211.683 44.096 81.7 82.442 91.063 694.628 87.285 70.542 92.74 55.185 102.464 56.053 87.993 98.833 71.061 116.941 97.203 54.82 57.899
77.059 56.797 51.727 437.529 26.299 83.759 90.112 91.451 27.482 79.633 72.23 0 64.494 792.018 27.74 48.215 99.812 70.24 86.758 649.012 69.667 76.118 86.493 100.462 25.191 27.046 63.191 99.989 34.909 82.912 56.344 359.929 32.029 74.03 43.218 56.708 86.644 64.318 41.512 79.455
54.733 267.254 528.524 52.887 43.043 51.083 79.375 88.088 56.593 65.185 73.464 64.494 0 67.798 74.069 79.883 51.361 105.873 47.436 68.598 35.27 64.81 76.617 57.593 85.671 62.392 76.852 57.169 93.342 48.473 23.922 65.441 82.165 16.063 50.321 40.901 68.479 43.359 51.101 32.429
57.099 73.421 79.537 38.93 73.203 779.96 81.967 97.233 81.462 90.181 109.042 792.018 67.798 0 62.814 84.928 63.603 72.642 45.164 57.549 76.738 33.783 87.629 65.444 83.221 59.356 57.254 58.792 103.7 31.767 62.815 71.876 97.284 61.046 67.995 38.699 12.245 27.81 99.444 94.899
77.733 66.485 65.296 311.059 44.698 91.796 93.084 98.053 41.392 90.534 90.813 27.74 74.069 62.814 0 55.555 100.763 54.058 84.165 62.024 81.375 61.26 927.873 101.204 24.313 16.023 56.341 98.802 48.945 76.683 65.617 33.567 49.489 78.681 45.46 54.038 71.048 55.713 671.774 95.9
58.042 87.925 33.263 68.011 44.21 65.687 54.737 50.689 73.321 51.161 477.787 48.215 79.883 84.928 55.555 0 92.113 50.885 81.268 37.463 61.789 997.678 50.962 874.532 44.54 63.178 35.759 89.455 40.248 830.122 58.567 80.233 29.163 90.74 84.039 56.265 95.707 80.861 63.59 83.804
36.195 75.731 67.302 77.238 77.523 36.79 59.032 74.634 101.185 59.843 85.861 99.812 51.361 63.603 100.763 92.113 0 108.554 191.023 62.394 44.224 80.411 62.07 10.958 112.911 943.002 733.13 10.016 1216.717 321.646 46.51 104.673 108.848 48.033 92.603 47.016 63.943 58.12 93.813 58.437
76.524 1099.598 75.714 68.757 771.075 96.456 77.926 81.825 92.636 89.618 97.023 70.24 1058.728 72.642 540.579 50.885 108.554 0 92.151 50.544 965.412 92.306 81.634 103.87 52.787 67.673 37.749 1022.959 66.579 87.791 87.598 87.15 66.001 110.208 95.973 68.963 84.661 83.418 103.309 121.367
28.23 68.368 60.934 60.376 673.923 40.184 56.23 727.208 89.343 59.939 84.718 86.758 47.436 451.639 84.165 81.268 19.102 92.151 0 49.872 44.349 645.489 604.115 21.459 97.926 78.477 59.091 158.39 109.467 14.541 39.876 90.257 978.199 43.475 79.986 31.038 47.025 41.988 88.114 62.951
27.148 83.359 37.515 58.226 52.62 46.297 32.824 42.713 82.523 43.413 61.633 64.901 68.598 57.549 62.024 37.463 62.394 50.544 49.872 0 50.129 81.539 36.51 56.553 654.641 65.934 12.831 57.147 72.995 52.215 46.433 84.61 62.182 74.352 83.603 32.936 68.172 60.534 78.545 780.093
33.919 58.717 29.543 68.104 437.586 196.911 49.057 55.2 749.366 30.653 451.752 69.667 35.27 76.738 81.375 61.789 44.224 96.541 443.494 50.129 0 87.497 439.876 43.762 85.827 75.802 61.566 47.992 87.173 53.232 186.163 85.887 72.956 466.822 75.949 39.931 81.462 61.926 54.411 28.843
79.945 58.451 91.893 33.715 74.535 952.934 107.327 120.702 67.505 108.27 121.168 761.182 64.81 33.783 61.26 99.768 80.411 92.306 64.549 81.539 87.497 0 110.457 85.864 85.08 51.423 81.331 79.417 107.157 50.784 70.178 54.132 102.813 55.615 48.108 54.231 28.961 25.858 95.288 96.845
33.307 97.744 38.111 88.157 67.234 31.642 11.292 12.84 102.991 17.858 44.096 86.493 76.617 87.629 92.787 509.616 62.07 81.634 60.411 36.51 43.988 110.457 0 53.559 91.285 94.714 47.067 59.101 89.431 70.319 54.001 110.941 75.676 85.369 106.749 565.55 96.108 86.023 83.646 70.455
30.021 82.337 64.2 80 782.52 31.911 49.64 65.776 1047.231 536.046 81.7 100.462 57.593 65.444 101.204 87.453 10.958 103.87 21.459 56.553 437.616 85.864 535.589 0 111.803 96.364 67.839 8.416 119.596 35.706 48.202 108.427 106.526 56.302 97.702 47.256 67.482 62.948 95.685 62.08
85.002 79.871 62.87 53.098 465.413 96.129 93.437 93.752 49.437 88.81 82.442 251.906 85.671 832.21 24.313 44.54 112.911 52.787 97.926 65.464 85.827 85.08 91.285 111.803 0 36.295 59.127 111.016 26.048 93.241 73.565 49.654 31.015 938.627 62.1 66.955 92.612 76.276 64.291 100.694
76.237 51.673 64.774 21.688 39.612 88.289 95.449 101.64 29.448 90.222 91.063 27.046 62.392 593.564 16.023 63.178 94.3 67.673 78.477 65.934 75.802 51.423 94.714 96.364 36.295 0 62.999 93.645 57.518 70.47 58.523 202.823 55.944 66.119 29.557 49.726 65.481 45.963 60.255 86.727
39.247 88.452 45.555 57.1 56.209 59.052 43.089 50.953 828.292 547.261 69.463 63.191 76.852 57.254 56.341 35.759 73.313 37.749 59.091 12.831 61.566 81.331 470.673 67.839 59.127 62.999 0 67.548 687.371 588.805 55.707 827.528 60.043 82.076 844.046 39.151 68.891 63.279 832.954 88.624
31.963 80.597 67.551 76.072 78.935 38.299 54.405 71.299 103.32 59.704 87.285 99.989 57.169 58.792 98.802 89.455 10.016 102.296 15.839 57.147 47.992 79.417 59.101 8.416 111.016 93.645 675.482 0 120.591 29.029 49.355 105.512 108.089 53.836 94.769 44.99 600.802 57.596 97.652 65.85
91.921 89.929 60.434 73.814 50.35 97.739 94.201 89.47 60.095 85.154 70.542 34.909 93.342 1036.996 48.945 40.248 121.672 66.579 109.467 72.995 87.173 107.157 89.431 119.596 26.048 57.518 68.737 120.591 0 107.869 79.376 679.418 150.582 104.797 77.873 79.73 113.323 94.555 59.2 100.218
37.018 64.516 66.2 50.536 669.254 524.275 657.505 82.108 83.924 70.213 927.401 829.121 48.473 31.767 76.683 83.012 32.165 87.791 14.541 52.215 53.232 50.784 70.319 35.706 93.241 70.47 58.881 29.029 107.869 0 43.79 81.789 97.651 41.779 72.149 28.363 32.678 30.174 89.465 70.432
34.974 44.08 308.978 49.98 31.789 336.307 57.01 65.067 59.43 43.845 55.185 56.344 23.922 62.815 65.617 58.567 46.51 87.598 39.876 46.433 18.616 70.178 54.001 482.024 73.565 58.523 55.707 49.355 79.376 437.895 0 68.327 66.636 34.969 58.309 26.256 67.459 45.124 48.542 35.701
91.606 46.721 78.267 34.128 49.199 100.786 112.492 118.431 21.053 104.221 102.464 35.993 654.413 71.876 33.567 80.233 104.673 87.15 90.257 84.61 85.887 54.132 110.941 108.427 49.654 20.282 827.528 105.512 67.942 81.789 683.272 0 67.827 68.198 18.436 64.248 75.185 53.924 61.365 90.608
791.852 82.15 45.749 69.118 39.411 83.334 81.127 76.297 57.666 70.408 56.053 32.029 821.652 97.284 49.489 29.163 108.848 66.001 97.82 62.182 72.956 102.813 75.676 106.526 31.015 55.944 60.043 108.089 15.058 97.651 66.636 678.27 0 944.417 74.472 692.891 106.84 87.149 49.649 86.835
587.85 30.072 65.615 52.536 55.375 58.743 86.285 974.807 63.749 76.064 87.993 74.03 16.063 610.461 78.681 907.404 48.033 110.208 43.475 74.352 46.682 55.615 853.694 56.302 93.863 66.119 82.076 53.836 104.797 41.779 34.969 68.198 944.417 0 51.88 43.294 590.903 365.771 65.853 45.027
84.996 29.274 74.553 32.982 46.107 91.724 108.498 115.687 22.079 984.734 988.334 43.218 50.321 67.995 45.46 84.039 92.603 95.973 79.986 83.603 75.949 48.108 106.749 97.702 620.997 295.573 84.405 94.769 77.873 72.149 583.088 184.36 74.472 51.88 0 57.893 69.341 44.729 56.303 772.553
28.704 544.306 418.569 35.191 40.857 44.732 54.808 67.071 63.325 54.487 71.061 567.075 40.901 38.699 54.038 56.265 47.016 689.633 31.038 32.936 399.306 54.231 56.555 47.256 66.955 49.726 39.151 449.896 79.73 28.363 26.256 64.248 69.289 43.294 57.893 0 459.102 29.853 66.642 61.279
64.138 73.155 87.667 44.289 79.933 83.207 90.561 1064.037 85.336 976.685 116.941 86.644 684.791 12.245 710.478 95.707 63.943 84.661 47.025 68.172 81.462 28.961 96.108 674.818 92.612 65.481 68.891 60.08 1133.225 32.678 67.459 751.845 106.84 59.09 693.412 45.91 0 28.098 104.506 96.905
55.545 45.805 68.239 25.088 55.268 69.534 836.525 968.326 59.939 82.924 97.203 64.318 43.359 278.102 55.713 808.61 581.199 83.418 41.988 60.534 61.926 25.858 86.023 629.483 76.276 45.963 63.279 57.596 94.555 30.174 451.245 53.924 87.149 36.577 44.729 29.853 28.098 0 77.544 73.799
79.094 48.403 46.564 68.327 28.929 72.862 90.95 89.727 413.194 69.502 54.82 415.116 51.101 99.444 67.177 63.59 938.125 103.309 88.114 78.545 544.115 95.288 83.646 95.685 64.291 60.255 83.295 97.652 59.2 89.465 48.542 61.365 496.489 65.853 56.303 66.642 104.506 775.44 0 50.584
61.44 52.366 51.166 81.078 54.247 44.276 76.693 80.611 76.226 54.503 57.899 79.455 32.429 94.899 95.9 83.804 58.437 121.367 62.951 78.009 28.843 96.845 70.455 62.08 100.694 86.727 88.624 658.501 100.218 70.432 35.701 90.608 86.835 45.027 77.255 61.279 96.905 73.799 505.839 0
