10
2 2 3 3 3 3 3 3 1 1
2 4 3 5 4 2 3 3 1 1
0 18.579 85.947 84.224 33.259 483.299 49.066 38.323 65.793 110.691
18.579 0 75.649 67.606 268.638 32.628 53.674 21.751 49.741 92.551
85.947 75.649 0 44.31 56.444 83.359 62.555 60.149 68.727 72.556
84.224 676.06 44.31 0 63.21 56.799 86.463 46.479 52.238 33.5
33.259 26.864 56.444 632.1 0 529.244 32.634 29.726 46.883 91.587
48.33 32.628 83.359 56.799 52.924 0 82.67 26.525 50.116 73.696
49.066 53.674 625.554 86.463 32.634 82.67 0 58.508 769.401 117.591
38.323 21.751 60.149 46.479 29.726 26.525 58.508 0 43.601 73.089
65.793 49.741 68.727 52.238 46.883 50.116 76.94 43.601 0 639.874
110.691 92.551 72.556 335.004 91.587 736.956 117.591 73.089 63.987 0
