40
2 2 2 2 2 3 3 3 3 3 3 3 3 3 3 3 3 3 3 3 3 3 3 1 1 1 1 1 1 1 1 1 1 1 1 1 1 1 1 1 
3 1 2 1 1 4 3 4 2 4 4 3 3 4 2 3 3 3 4 4 3 3 4 1 1 1 1 1 1 1 1 1 1 1 1 1 1 1 1 1
0 30.572 39.566 28.127 67.746 71.578 811.933 41.09 64.783 75.934 85.752 805.822 90.508 71.227 44.001 67.065 52.927 45.773 56.068 33.31 70.836 55.708 90.364 35.906 44.63 29.979 75.088 54.393 68.1 96.416 31.029 61.923 74.132 169.896 26.089 41.497 93.366 45.209 56.438 987.315
30.572 0 68.315 53.658 84.217 77.394 84.682 560.88 86.432 102.488 919.438 89.392 102.132 73.662 70.122 63.929 47.701 34.348 84.965 357.986 701.337 73.026 103.243 44.839 70.322 47.028 75.365 623.107 67.075 114.586 28.769 81.539 81.754 14.695 19.929 61.93 72.553 45.759 57.487 102.084
39.566 68.315 0 24.941 46.402 83.818 97.472 58.078 38.041 40.415 87.853 88.658 85.372 83.993 46.057 933.121 78.276 67.843 182.103 56.259 88.189 49.067 81.683 55.415 36.356 54.596 75.578 64.2 76.233 80.035 65.803 380.556 64.645 53.889 55.471 25.118 124.779 58.928 67.172 96.045
28.127 53.658 24.941 0 51.901 602.021 74.261 37.574 40.204 50.562 67.537 66.758 68.038 59.956 47.599 69.807 53.678 58.139 35.174 33.295 63.489 31.087 66.467 30.638 235.797 49.605 69.143 40.339 58.371 69.713 45.509 40.863 64.589 41.376 44.362 29.472 1012.874 40.963 469.033 815.901
67.746 84.217 46.402 51.901 0 96.898 115.649 88.155 26.544 46.816 82.372 1038.228 824.608 89.269 91.596 114.181 89.441 63.73 484.955 665.496 95.996 55.484 74.839 72.807 68.664 93.485 42.077 71.646 59.308 78.613 89.817 16.009 24.384 73.163 65.607 26.971 128.919 52.764 59.175 69.499
71.578 77.394 83.818 60.202 96.898 0 20.402 40.199 80.152 90.615 37.428 14.091 43.001 16.924 85.966 35.203 33.523 90.303 86.747 47.645 17.615 43.928 51.089 36.483 53.765 85.013 97.129 26.329 61.398 622.782 54.393 84.218 102.456 75.986 80.487 84.045 71.636 61.109 51.014 75.336
81.193 846.821 974.72 74.261 115.649 20.402 0 44.812 98.596 106.836 55.91 20.38 605.137 34.563 90.262 27.024 42.299 103.357 100.948 61.165 29.794 62.634 69.517 491.774 65.091 88.525 115.471 45.194 796.959 78.412 58.635 102.84 121.349 85.1 91.796 100.44 71.207 77.701 69.047 94.532
41.09 56.088 58.078 37.574 88.155 40.199 44.812 0 73.082 79.216 67.838 45.174 69.727 48.804 47.063 38.372 39.525 77.155 652.13 38.546 474.595 45.735 73.678 24.665 30.513 46.186 96.943 38.355 72.986 77.941 30.15 76.017 97.765 50.657 60.177 66.455 85.409 58.805 59.14 96.825
64.783 86.432 38.041 40.204 26.544 80.152 98.596 730.817 0 25.647 67.76 84.332 63.185 75.706 79.882 101.735 81.129 753.259 32.918 61.362 83.502 362.443 55.838 61.98 49.01 87.561 59.705 58.081 59.619 55.076 83.218 11.252 47.313 74.612 71.193 31.183 126.008 54.22 55.83 66.438
75.934 102.488 40.415 50.562 46.816 90.615 106.836 79.216 25.647 0 82.934 91.309 73.294 90.436 76.315 112.479 97.245 96.377 24.504 79.065 98.177 49.483 665.565 75.775 496.025 916.971 84.764 73.36 835.962 56.663 95.552 34.664 70.416 89.301 88.73 47.791 145.014 76.846 78.137 87.744
85.752 91.944 87.853 675.367 82.372 374.276 559.098 67.838 67.76 82.934 0 42.086 18.909 26.752 107.153 69.238 526.32 90.694 87.745 56.907 36.652 39.329 23.874 53.285 67.15 107.591 79.338 32.541 43.558 44.865 780.153 71.439 85.102 89.086 87.959 80.372 84.747 56.357 41.045 409.701
80.582 89.392 886.579 66.758 103.823 14.091 203.804 45.174 84.332 91.309 42.086 0 42.114 28.931 88.484 43.069 471.977 1028.82 89.109 59.767 30.903 487.03 51.129 47.164 55.49 91.335 107.922 36.986 72.741 58.289 647.967 89.978 111.66 86.946 92.171 916.746 83.605 73.104 62.807 82.295
90.508 102.132 85.372 68.038 824.608 43.001 60.514 69.727 63.185 73.294 189.086 42.114 0 39.066 1049.585 77.73 649.691 101.552 81.478 663.995 49.151 37.295 10.443 60.038 62.741 110.305 88.291 40.411 57.092 26.982 86.103 69.556 89.976 97.018 96.879 81.693 1016.607 670.407 53.573 49.662
71.227 73.662 83.993 59.956 89.269 16.924 34.563 488.038 75.706 90.436 26.752 289.306 39.066 0 93.377 42.805 28.669 81.164 87.979 417.028 10.434 411.634 45.841 35.594 59.509 89.747 84.063 19.99 46.415 62.185 55.875 78.226 91.532 73.104 74.852 79.168 64.504 50.269 37.791 60.85
44.001 70.122 46.057 47.599 915.964 85.966 90.262 47.063 79.882 76.315 107.153 88.484 104.959 93.377 0 817.921 81.677 89.155 53.833 69.149 93.474 72.655 105.559 62.003 427.922 28.056 1129.244 77.905 103.947 102.683 57.958 82.023 106.663 59.101 69.635 66.763 125.274 84.056 91.188 128.338
67.065 63.929 933.121 69.807 114.181 35.203 27.024 38.372 1017.346 112.479 692.385 43.069 77.73 42.805 81.792 0 30.085 88.08 101.429 506.073 34.1 68.453 85.005 41.628 66.719 72.331 109.97 47.92 77.911 95.74 38.565 103.502 117.339 67.374 75.43 95.111 55.886 70.143 66.123 101.633
52.927 47.701 782.758 53.678 89.441 33.523 42.299 39.525 81.129 97.245 52.632 47.198 64.969 28.669 81.677 30.085 0 62.576 87.796 25.315 22.788 50.835 69.712 23.565 59.486 70.316 80.389 28.017 48.809 84.397 31.217 80.79 89.313 50.472 53.941 73.111 49.569 41.305 37.279 76.532
45.773 34.348 67.843 58.139 63.73 90.303 1033.574 77.155 75.326 963.766 90.694 102.882 101.552 81.164 891.548 88.08 62.576 0 835.122 43.459 81.048 730.381 99.657 580.11 80.617 71.715 45.398 679.222 53.145 112.632 56.845 66.936 53.643 33.778 20.459 49.968 85.323 34.642 49.824 86.297
56.068 84.965 18.21 35.174 48.496 86.747 100.948 652.13 32.918 24.504 877.446 89.109 81.478 87.979 53.833 101.429 87.796 83.512 0 67.791 93.646 49.016 76.87 64.581 37.144 687.4 83.707 68.987 82.931 70.651 79.023 37.472 70.678 70.886 72.349 36.174 136.019 69.609 74.717 96.525
33.31 35.799 56.259 33.295 66.55 47.645 61.165 385.463 61.362 79.065 56.907 59.767 66.4 41.703 69.149 50.607 25.315 43.459 67.791 0 41.744 39.552 67.551 15.331 47.655 58.414 61.871 27.254 39.84 80.018 28.96 59.188 676.353 32.461 33.414 48.432 68.858 21.973 26.744 71.506
70.836 70.134 88.189 63.489 959.958 176.146 29.794 47.459 83.502 98.177 36.652 30.903 49.151 10.434 93.474 34.1 22.788 81.048 93.646 417.444 0 48.956 56.223 35.69 63.367 87.558 887.681 25.736 51.413 71.993 51.322 85.437 97.319 71.319 74.04 838.694 55.952 530.31 42.244 69.059
55.708 730.265 49.067 31.087 55.484 43.928 62.634 45.735 36.244 49.483 39.329 48.703 372.946 41.163 72.655 68.453 50.835 73.038 490.156 39.552 48.956 0 35.438 34.057 32.086 77.176 686.795 24.337 46.028 41.857 60.174 412.82 66.73 64.614 650.213 46.769 97.697 42.204 367.046 583.683
903.645 103.243 81.683 66.467 74.839 51.089 69.517 73.678 55.838 66.557 23.874 51.129 10.443 458.409 105.559 85.005 697.116 99.657 76.87 67.551 56.223 35.438 0 62.62 62.934 111.55 82.676 43.573 55.013 22.401 89.363 62.308 82.928 97.183 96.005 76.777 107.461 65.456 52.802 44.621
35.906 44.839 55.415 30.638 72.807 36.483 49.177 24.665 61.98 75.775 53.285 47.164 60.038 35.594 62.003 41.628 23.565 58.011 64.581 15.331 356.9 34.057 62.62 0 37.172 554.646 74.304 20.778 48.927 72.733 269.366 62.519 779.591 404.034 45.176 53.846 72.58 34.994 35.02 76.014
44.63 70.322 36.356 23.58 68.664 53.765 65.091 30.513 49.01 49.603 671.501 55.49 62.741 59.509 42.792 66.719 59.486 80.617 37.144 476.554 63.367 32.086 62.934 37.172 0 54.66 89.644 431.101 72.669 60.677 530.75 54.538 84.518 59.456 654.685 50.067 108.908 59.64 60.563 90.29
29.979 47.028 545.957 496.051 93.485 85.013 88.525 46.186 87.561 91.697 107.591 91.335 110.305 89.747 28.056 72.331 70.316 71.715 68.74 58.414 87.558 77.176 111.55 55.465 54.66 0 104.787 75.391 96.512 114.176 40.737 86.63 102.575 389.605 51.448 66.543 107.334 74.31 83.904 126.419
75.088 753.651 75.578 69.143 42.077 97.129 115.471 96.943 59.705 847.641 79.338 107.922 88.291 840.628 112.924 109.97 80.389 45.398 83.707 618.706 887.681 68.679 82.676 74.304 89.644 104.787 0 71.763 39.444 963.468 87.866 50.198 204.608 71.037 58.966 50.756 105.451 40.243 46.678 56.119
54.393 62.311 642.001 40.339 71.646 26.329 45.194 38.355 580.809 733.602 325.41 36.986 40.411 19.99 77.905 47.92 28.017 67.922 68.987 27.254 25.736 24.337 43.573 20.778 43.11 753.909 71.763 0 39.343 57.072 46.498 60.201 76.303 58.511 59.991 59.612 73.969 36.361 27.307 59.244
68.1 67.075 762.334 583.71 59.308 61.398 79.696 72.986 59.619 83.596 43.558 72.741 570.923 46.415 103.947 77.911 48.809 53.145 82.931 39.84 51.413 46.028 55.013 489.273 72.669 96.512 39.444 39.343 0 73.774 67.834 55.871 51.524 65.313 582.789 58.245 76.337 23.729 13.912 35.478
96.416 114.586 80.035 69.713 78.613 62.278 784.118 77.941 55.076 56.663 44.865 58.289 26.982 62.185 102.683 95.74 84.397 1126.317 70.651 80.018 71.993 41.857 22.401 72.733 60.677 114.176 96.347 57.072 73.774 0 98.916 644.601 92.197 1064.045 106.588 80.7 126.108 80.02 69.98 63.802
31.029 28.769 65.803 45.509 89.817 54.393 586.35 30.15 83.218 95.552 78.015 64.797 86.103 55.875 57.958 38.565 31.217 56.845 79.023 28.96 513.217 60.174 89.363 26.937 53.075 40.737 87.866 46.498 678.343 98.916 0 82.027 92.791 29.668 40.094 66.54 67.841 49.602 54.93 99.31
619.231 81.539 38.056 408.629 16.009 84.218 102.84 76.017 11.252 34.664 71.439 89.978 69.556 78.226 82.023 103.502 80.79 66.936 37.472 59.188 85.437 41.282 62.308 62.519 545.378 86.63 50.198 60.201 55.871 64.46 82.027 0 36.727 69.937 64.825 24.136 123.727 49.168 53.162 65.701
74.132 817.545 64.645 64.589 243.838 102.456 121.349 97.765 47.313 70.416 85.102 111.66 89.976 91.532 106.663 117.339 89.313 53.643 70.678 67.635 97.319 66.73 82.928 77.959 84.518 102.575 20.461 76.303 51.524 92.197 927.91 36.727 0 73.963 63.012 40.292 120.994 48.382 557.855 63.828
16.99 146.948 53.889 41.376 73.163 75.986 85.1 50.657 74.612 89.301 89.086 86.946 97.018 73.104 591.011 67.374 50.472 33.778 708.863 32.461 71.319 64.614 971.835 40.403 594.558 38.961 71.037 58.511 65.313 106.405 29.668 69.937 739.633 0 13.637 49.123 83.495 42.058 54.977 98.956
26.089 19.929 554.71 44.362 65.607 80.487 917.965 60.177 71.193 88.73 87.959 921.711 96.879 74.852 69.635 754.304 539.409 204.588 72.349 334.139 740.4 65.021 96.005 45.176 65.469 51.448 58.966 599.907 58.279 106.588 40.094 64.825 630.117 13.637 0 44.467 84.41 352.2 50.147 92.161
41.497 61.93 25.118 29.472 26.971 84.045 100.44 66.455 31.183 47.791 80.372 916.746 81.693 79.168 66.763 95.111 73.111 499.682 36.174 48.432 83.869 46.769 76.777 53.846 50.067 66.543 50.756 59.612 58.245 80.7 66.54 24.136 40.292 49.123 44.467 0 115.424 42 523.058 79.307
93.366 72.553 124.779 101.287 128.919 71.636 71.207 85.409 126.008 145.014 84.747 83.605 101.661 64.504 125.274 55.886 49.569 85.323 136.019 68.858 55.952 97.697 107.461 725.797 1089.079 107.334 105.451 73.969 76.337 126.108 67.841 1237.268 120.994 83.495 84.41 115.424 0 76.276 72.261 100.626
45.209 45.759 58.928 409.627 52.764 61.109 77.701 58.805 54.22 76.846 56.357 731.037 67.041 50.269 84.056 70.143 41.305 34.642 69.609 21.973 53.031 42.204 65.456 34.994 59.64 74.31 40.243 36.361 23.729 80.02 49.602 49.168 48.382 42.058 35.22 42 76.276 0 16.096 57.268
56.438 57.487 67.172 46.903 59.175 51.014 69.047 591.396 55.83 78.137 41.045 62.807 53.573 37.791 91.188 66.123 372.786 49.824 74.717 26.744 42.244 36.705 528.018 35.02 60.563 83.904 46.678 27.307 139.12 69.98 54.93 53.162 55.786 54.977 50.147 52.306 722.608 16.096 0 45.324
98.731 102.084 96.045 81.59 69.499 75.336 94.532 968.255 66.438 877.443 40.97 82.295 49.662 60.85 1283.378 101.633 76.532 86.297 96.525 71.506 69.059 58.368 44.621 76.014 90.29 126.419 56.119 59.244 35.478 63.802 99.31 65.701 63.828 989.561 92.161 79.307 100.626 57.268 453.24 0
