10
2 2 3 3 1 1 1 1 1 1
4 2 2 4 1 1 1 1 1 1
0 41.731 73.081 41.04 77.045 87.734 68.066 55.971 42.03 32.332
41.731 0 47.913 36.322 41.094 53.567 38.453 44.263 23.088 69.392
73.081 47.913 0 72.065 601.802 25.445 331.618 89.658 36.474 96.224
41.04 36.322 72.065 0 46.91 748.791 736.718 57.195 36.794 51.472
77.045 41.094 60.18 469.102 0 46.899 61.847 67.759 46.45 96.397
87.734 53.567 25.445 748.791 46.899 0 435.682 93.17 46.873 110.286
68.066 38.453 33.162 73.672 61.847 43.568 0 67.706 44.128 98.206
559.713 44.263 89.658 57.195 67.759 93.17 67.706 0 65.885 81.294
42.03 23.088 36.474 36.794 46.45 46.873 441.276 65.885 0 63.719
32.332 69.392 96.224 51.472 96.397 110.286 98.206 81.294 637.188 0
