10
2 2 3 3 3 3 1 1 1 1
4 3 5 4 3 2 1 1 1 1
0 70.465 90.156 99.836 57.852 59.088 28.826 73.788 42.138 812.741
704.653 0 64.798 60.857 83.399 57.154 70.242 413.656 93.387 78.126
90.156 64.798 0 17.236 56.343 65.867 76.202 56.669 98.614 97.383
99.836 60.857 17.236 0 71.413 72.858 86.662 57.668 1109.733 101.807
57.852 833.988 56.343 71.413 0 71.596 37.233 80.401 69.49 105.12
59.088 57.154 65.867 72.858 71.596 0 69.84 25.68 51.369 34.824
288.26 70.242 76.202 86.662 37.233 698.404 0 79.229 61.474 99.47
73.788 41.366 56.669 57.668 80.401 25.68 79.229 0 759.425 46.184
42.138 93.387 98.614 110.973 69.49 51.369 614.737 75.942 0 64.397
81.274 78.126 97.383 101.807 105.12 34.824 99.47 46.184 64.397 0
